a1=2;
a2=-1;
b1=1;
b2=-1;